  0 |     0.317143
    1 |     0.517143
    2 |     0.595714
    3 |     0.647143
    4 |     0.678571
    5 |     0.718571
    6 |     0.761429
    7 |     0.788571
    8 |     0.818571
    9 |     0.835714
   10 |     0.854286
   11 |     0.862857
   12 |     0.870000
   13 |     0.870000
   14 |     0.867143
   15 |     0.747143
   16 |     0.812857
   17 |     0.828571
   18 |     0.824286
   19 |     0.794286
   20 |     0.854286
   21 |     0.847143
   22 |     0.828571
   23 |     0.851429
   24 |     0.847143
   25 |     0.868571
   26 |     0.838571
   27 |     0.854286
   28 |     0.865714
   29 |     0.854286
   30 |     0.858571
   31 |     0.861429
   32 |     0.857143
   33 |     0.860000
   34 |     0.862857
   35 |     0.858571
   36 |     0.861429
   37 |     0.864286
   38 |     0.860000
   39 |     0.855857
   40 |     0.855714